60
4
3
2	2	2	3	2	2	3	2	3	3	1	1	2	1	1	2	3	1	3	3	2	1	3	3	3	3	3	3	3	3	3	3	3	3	3	3	3	3	3	3	3	3	3	3	3	0	3	0	0	1	1	0	0	0	1	0	1	0	1	1
3	6	8	3	4	3	3	1	3	5	0	5	2	1	2	1	3	1	4	5	2	5	5	5	2	10	0	5	0	4	2	1	0	0	0	1	0	3	4	3	2	5	5	5	5	7	4	3	1	3	1	5	5	5	4	4	1	1	5	4
4	2	2	1	2	1	2	1	2	3	1	2	3	2	4	1	4	4	1	3	1	3	3	2	2	3	1	4	1	1	2	2	4	1	1	3	3	1	3	2	2	2	2	1	4	0	3	1	1	2	2	2	3	2	2	3	3	4	4	2
500	150	400	1702	483	1146	622	1744	288	1098	55	1546	1418	946	1192	176	1350	814	1219	851	1811	1592	1836	1500	1203	200	1111	157	1869	238	944	1832	1370	273	1599	1694	1083	632	653	867	731	1057	433	116	732	100	900	50	10	339	590	695	520	1446	242	1261	676	70	1663	1335
1	1	1	1	1	1	1	1	1	1	1	1	1	1	1	1	1	1	1	1	1	1	1	0	0	0	0	0	0	0	0	0	0	0	0	0	0	0	0	0	0	0	0	0	0	0	0	0	0	0	0	0	0	0	0	0	0	0	0	0
0	0	0	0	0	0	0	0	0	0	0	0	0	0	0	0	0	0	0	0	0	0	0	1	1	1	1	1	1	1	1	1	1	1	1	1	1	1	1	1	1	1	1	0	0	0	0	0	0	0	0	0	0	0	0	0	0	0	0	0
0	0	0	0	0	0	0	0	0	0	0	0	0	0	0	0	0	0	0	0	0	0	0	0	0	0	0	0	0	0	0	0	0	0	0	0	0	0	0	0	0	0	0	1	1	1	1	1	1	1	1	1	1	1	1	1	1	1	1	1
